0 0.7578125 0.59765625 0.779296875 0.59765625 0.78125 0.6015625 0.802734375 0.603515625 0.8046875 0.607421875 0.826171875 0.611328125 0.837890625 0.623046875 0.84765625 0.625 0.85546875 0.634765625 0.861328125 0.63671875 0.861328125 0.65234375 0.86328125 0.654296875 0.861328125 0.720703125 0.84765625 0.720703125 0.841796875 0.7265625 0.841796875 0.732421875 0.833984375 0.744140625 0.818359375 0.744140625 0.802734375 0.724609375 0.796875 0.7265625 0.791015625 0.724609375 0.751953125 0.724609375 0.75 0.720703125 0.705078125 0.720703125 0.703125 0.71875 0.697265625 0.720703125 0.693359375 0.7265625 0.693359375 0.73046875 0.689453125 0.734375 0.685546875 0.734375 0.68359375 0.73828125 0.669921875 0.73828125 0.66796875 0.734375 0.6640625 0.734375 0.662109375 0.72265625 0.654296875 0.71484375 0.642578125 0.712890625 0.640625 0.70703125 0.640625 0.681640625 0.64453125 0.669921875 0.6484375 0.66796875 0.6484375 0.6640625 0.658203125 0.6484375 0.66796875 0.6484375 0.669921875 0.64453125 0.69140625 0.640625 0.697265625 0.630859375 0.703125 0.625 0.708984375 0.623046875 0.71875 0.611328125 0.72265625 0.611328125 0.728515625 0.607421875 0.734375 0.607421875 0.736328125 0.603515625 0.7421875 0.6015625 0.755859375 0.6015625 0.7578125 0.599609375
0 0.978515625 0.630859375 0.986328125 0.630859375 0.986328125 0.658203125 0.984375 0.66015625 0.984375 0.671875 0.98046875 0.685546875 0.9765625 0.677734375 0.9765625 0.634765625 0.978515625 0.6328125
0 0.384765625 0.611328125 0.390625 0.609375 0.419921875 0.609375 0.42578125 0.611328125 0.4296875 0.62109375 0.4296875 0.626953125 0.423828125 0.63671875 0.419921875 0.650390625 0.419921875 0.666015625 0.41015625 0.66796875 0.404296875 0.677734375 0.40234375 0.673828125 0.3984375 0.673828125 0.39453125 0.677734375 0.388671875 0.66796875 0.376953125 0.66796875 0.369140625 0.677734375 0.3671875 0.673828125 0.3671875 0.6484375 0.384765625 0.61328125
0 0.158203125 0.609375 0.16015625 0.611328125 0.171875 0.611328125 0.1796875 0.623046875 0.181640625 0.6328125 0.185546875 0.63671875 0.185546875 0.642578125 0.1875 0.64453125 0.185546875 0.66796875 0.177734375 0.67578125 0.17578125 0.681640625 0.134765625 0.6796875 0.12890625 0.6875 0.119140625 0.6875 0.1171875 0.685546875 0.1015625 0.6875 0.099609375 0.681640625 0.08984375 0.673828125 0.09375 0.634765625 0.1015625 0.611328125 0.107421875 0.609375 0.15625 0.609375
0 0.26953125 0.6171875 0.2734375 0.615234375 0.294921875 0.615234375 0.30078125 0.6171875 0.31640625 0.642578125 0.31640625 0.66015625 0.3125 0.66796875 0.3046875 0.66796875 0.298828125 0.673828125 0.294921875 0.671875 0.28125 0.671875 0.279296875 0.673828125 0.27734375 0.671875 0.271484375 0.671875 0.26171875 0.677734375 0.2578125 0.673828125 0.2578125 0.64453125 0.26171875 0.640625 0.26171875 0.630859375 0.26953125 0.619140625
0 0.2421875 0.611328125 0.263671875 0.611328125 0.265625 0.615234375 0.259765625 0.640625 0.255859375 0.64453125 0.255859375 0.658203125 0.25390625 0.66015625 0.236328125 0.662109375 0.234375 0.66015625 0.234375 0.63671875 0.2421875 0.61328125
0 0.056640625 0.603515625 0.087890625 0.603515625 0.08984375 0.607421875 0.09375 0.607421875 0.09765625 0.611328125 0.095703125 0.626953125 0.091796875 0.634765625 0.08984375 0.658203125 0.087890625 0.66015625 0.078125 0.66015625 0.076171875 0.658203125 0.0703125 0.66015625 0.06640625 0.666015625 0.0625 0.666015625 0.060546875 0.65625 0.0546875 0.65234375 0.046875 0.65234375 0.041015625 0.646484375 0.041015625 0.640625 0.0390625 0.638671875 0.0390625 0.623046875 0.044921875 0.619140625 0.046875 0.611328125 0.056640625 0.60546875
0 0.951171875 0.603515625 0.974609375 0.603515625 0.974609375 0.609375 0.970703125 0.615234375 0.970703125 0.62109375 0.974609375 0.625 0.974609375 0.658203125 0.97265625 0.66015625 0.95703125 0.66015625 0.955078125 0.658203125 0.953125 0.625 0.947265625 0.619140625 0.947265625 0.609375 0.951171875 0.60546875
0 0.486328125 0.583984375 0.501953125 0.583984375 0.50390625 0.58203125 0.560546875 0.58203125 0.5625 0.583984375 0.5703125 0.583984375 0.5703125 0.587890625 0.576171875 0.591796875 0.576171875 0.599609375 0.5859375 0.62109375 0.5859375 0.640625 0.58984375 0.650390625 0.58984375 0.66796875 0.587890625 0.673828125 0.57421875 0.68359375 0.56640625 0.701171875 0.55859375 0.701171875 0.552734375 0.689453125 0.546875 0.6875 0.5390625 0.705078125 0.529296875 0.705078125 0.5234375 0.69921875 0.5234375 0.6953125 0.517578125 0.6875 0.51171875 0.6875 0.509765625 0.685546875 0.48046875 0.685546875 0.4765625 0.69140625 0.46875 0.69140625 0.46875 0.6875 0.462890625 0.681640625 0.451171875 0.681640625 0.4453125 0.69140625 0.439453125 0.6953125 0.431640625 0.693359375 0.4296875 0.69140625 0.4296875 0.68359375 0.421875 0.673828125 0.421875 0.654296875 0.4296875 0.630859375 0.4375 0.623046875 0.447265625 0.62109375 0.453125 0.615234375 0.453125 0.611328125 0.46875 0.595703125 0.47265625 0.595703125 0.4765625 0.58984375 0.48046875 0.58984375 0.486328125 0.5859375
0 0.369140625 0.607421875 0.376953125 0.611328125 0.37890625 0.62109375 0.37109375 0.638671875 0.3671875 0.642578125 0.365234375 0.66015625 0.359375 0.662109375 0.3515625 0.662109375 0.345703125 0.658203125 0.3359375 0.66015625 0.3359375 0.630859375 0.345703125 0.62109375 0.349609375 0.609375 0.3671875 0.607421875
0 0.857421875 0.609375 0.859375 0.611328125 0.8671875 0.611328125 0.869140625 0.615234375 0.865234375 0.62109375 0.86328125 0.6328125 0.859375 0.634765625 0.84765625 0.623046875 0.8359375 0.619140625 0.8359375 0.611328125 0.837890625 0.609375 0.85546875 0.609375