0 0.671875 0.595703125 0.673828125 0.59765625 0.6796875 0.59765625 0.6796875 0.607421875 0.673828125 0.619140625 0.669921875 0.62109375 0.6484375 0.62109375 0.6484375 0.611328125 0.654296875 0.59765625 0.669921875 0.595703125
0 0.701171875 0.591796875 0.70703125 0.591796875 0.708984375 0.58984375 0.7421875 0.58984375 0.744140625 0.591796875 0.763671875 0.591796875 0.767578125 0.58984375 0.7734375 0.591796875 0.775390625 0.595703125 0.779296875 0.595703125 0.787109375 0.603515625 0.787109375 0.607421875 0.794921875 0.615234375 0.794921875 0.619140625 0.80078125 0.625 0.80078125 0.634765625 0.802734375 0.63671875 0.798828125 0.677734375 0.7890625 0.68359375 0.779296875 0.697265625 0.77734375 0.705078125 0.7734375 0.70703125 0.751953125 0.70703125 0.7421875 0.69921875 0.740234375 0.693359375 0.732421875 0.69140625 0.73046875 0.6875 0.724609375 0.685546875 0.720703125 0.671875 0.720703125 0.662109375 0.712890625 0.654296875 0.705078125 0.654296875 0.703125 0.62109375 0.69921875 0.611328125 0.6953125 0.607421875 0.6953125 0.59765625 0.701171875 0.59375
0 0.9765625 0.63671875 0.998046875 0.63671875 0.998046875 0.734375 0.9765625 0.732421875 0.9765625 0.728515625 0.970703125 0.724609375 0.966796875 0.71484375 0.953125 0.71484375 0.947265625 0.705078125 0.947265625 0.6875 0.9453125 0.685546875 0.9453125 0.66796875 0.951171875 0.65625 0.9609375 0.64453125 0.9765625 0.638671875
0 0.09375 0.6171875 0.119140625 0.6171875 0.12109375 0.62109375 0.138671875 0.630859375 0.146484375 0.640625 0.16015625 0.64453125 0.166015625 0.65625 0.162109375 0.681640625 0.158203125 0.685546875 0.1484375 0.6875 0.146484375 0.685546875 0.1328125 0.685546875 0.130859375 0.681640625 0.125 0.681640625 0.109375 0.666015625 0.109375 0.66015625 0.1015625 0.654296875 0.103515625 0.6484375 0.1015625 0.63671875 0.09375 0.6328125 0.087890625 0.6328125 0.0859375 0.625 0.09375 0.619140625
0 0.359375 0.591796875 0.375 0.591796875 0.376953125 0.595703125 0.380859375 0.595703125 0.3828125 0.61328125 0.384765625 0.615234375 0.3828125 0.62890625 0.384765625 0.630859375 0.384765625 0.654296875 0.38671875 0.65625 0.380859375 0.66796875 0.380859375 0.677734375 0.375 0.677734375 0.373046875 0.671875 0.36328125 0.671875 0.357421875 0.677734375 0.337890625 0.677734375 0.3359375 0.673828125 0.333984375 0.677734375 0.326171875 0.677734375 0.32421875 0.6640625 0.3203125 0.654296875 0.32421875 0.6171875 0.330078125 0.603515625 0.337890625 0.6015625 0.33984375 0.59765625 0.3515625 0.59765625 0.359375 0.59375
0 0.3955078125 0.640625 0.021484375 0.0634765625
0 0 0.62109375 0.01171875 0.62109375 0.017578125 0.62890625 0.029296875 0.630859375 0.037109375 0.640625 0.04296875 0.640625 0.052734375 0.64453125 0.052734375 0.6484375 0.064453125 0.66796875 0.0625 0.685546875 0.052734375 0.693359375 0.046875 0.693359375 0.044921875 0.6953125 0.0234375 0.6953125 0.017578125 0.69140625 0.0078125 0.69140625 0.005859375 0.6875 0 0.6875 0 0.623046875
0 0.298828125 0.603515625 0.310546875 0.603515625 0.318359375 0.611328125 0.322265625 0.623046875 0.3203125 0.638671875 0.318359375 0.642578125 0.3125 0.642578125 0.3125 0.634765625 0.30859375 0.623046875 0.302734375 0.615234375 0.298828125 0.615234375 0.298828125 0.60546875
0 0.197265625 0.6171875 0.203125 0.6171875 0.205078125 0.615234375 0.208984375 0.6171875 0.224609375 0.6171875 0.2265625 0.62109375 0.240234375 0.623046875 0.248046875 0.630859375 0.25 0.62890625 0.25390625 0.630859375 0.255859375 0.640625 0.26171875 0.6484375 0.26171875 0.662109375 0.255859375 0.673828125 0.232421875 0.671875 0.23046875 0.673828125 0.224609375 0.673828125 0.22265625 0.677734375 0.216796875 0.6796875 0.212890625 0.6796875 0.208984375 0.673828125 0.193359375 0.673828125 0.1875 0.6796875 0.1796875 0.6796875 0.1796875 0.673828125 0.173828125 0.666015625 0.173828125 0.640625 0.1796875 0.630859375 0.18359375 0.630859375 0.1875 0.625 0.197265625 0.619140625
0 0.998046875 0.6015625 0.998046875 0.634765625 0.9765625 0.634765625 0.9765625 0.630859375 0.96875 0.623046875 0.96875 0.611328125 0.9765625 0.603515625 0.99609375 0.6015625
0 0.453125 0.591796875 0.47265625 0.591796875 0.478515625 0.6015625 0.478515625 0.60546875 0.482421875 0.609375 0.482421875 0.634765625 0.484375 0.63671875 0.482421875 0.673828125 0.4765625 0.673828125 0.470703125 0.666015625 0.455078125 0.666015625 0.451171875 0.669921875 0.44921875 0.677734375 0.4453125 0.677734375 0.439453125 0.66796875 0.42578125 0.66796875 0.41796875 0.677734375 0.4140625 0.677734375 0.4140625 0.669921875 0.412109375 0.66796875 0.4140625 0.634765625 0.421875 0.619140625 0.423828125 0.607421875 0.4296875 0.6015625 0.435546875 0.6015625 0.4375 0.59765625 0.451171875 0.595703125 0.453125 0.59375
0 0.931640625 0.603515625 0.947265625 0.603515625 0.951171875 0.607421875 0.94921875 0.619140625 0.943359375 0.625 0.943359375 0.62890625 0.935546875 0.634765625 0.935546875 0.638671875 0.921875 0.640625 0.91796875 0.646484375 0.916015625 0.642578125 0.916015625 0.625 0.923828125 0.611328125 0.931640625 0.60546875