0 0.4296875 0.578125 0.466796875 0.578125 0.47265625 0.59765625 0.47265625 0.609375 0.474609375 0.611328125 0.474609375 0.66015625 0.46875 0.669921875 0.466796875 0.681640625 0.458984375 0.681640625 0.453125 0.673828125 0.4453125 0.673828125 0.443359375 0.677734375 0.4375 0.677734375 0.435546875 0.681640625 0.421875 0.681640625 0.416015625 0.6796875 0.412109375 0.673828125 0.396484375 0.673828125 0.388671875 0.681640625 0.3828125 0.681640625 0.3828125 0.67578125 0.380859375 0.673828125 0.380859375 0.630859375 0.3828125 0.62890625 0.3828125 0.62109375 0.38671875 0.619140625 0.388671875 0.61328125 0.38671875 0.609375 0.396484375 0.599609375 0.400390625 0.583984375 0.40625 0.58203125 0.427734375 0.58203125 0.4296875 0.580078125
0 0.056640625 0.603515625 0.06640625 0.603515625 0.068359375 0.6015625 0.072265625 0.603515625 0.087890625 0.603515625 0.08984375 0.607421875 0.09375 0.607421875 0.099609375 0.611328125 0.099609375 0.615234375 0.08984375 0.615234375 0.087890625 0.619140625 0.068359375 0.62109375 0.0625 0.623046875 0.056640625 0.62890625 0.044921875 0.62890625 0.046875 0.611328125 0.056640625 0.60546875
0 0.474609375 0.59765625 0.478515625 0.59765625 0.482421875 0.6015625 0.482421875 0.60546875 0.48828125 0.611328125 0.490234375 0.6171875 0.48828125 0.623046875 0.48828125 0.62890625 0.490234375 0.630859375 0.490234375 0.654296875 0.484375 0.6640625 0.48046875 0.677734375 0.4765625 0.677734375 0.474609375 0.673828125 0.474609375 0.662109375 0.4765625 0.66015625 0.4765625 0.611328125 0.474609375 0.609375 0.474609375 0.599609375
0 0 0.603515625 0.015625 0.603515625 0.021484375 0.609375 0.021484375 0.61328125 0.029296875 0.623046875 0.033203125 0.634765625 0.03125 0.642578125 0 0.638671875 0 0.60546875
0 0.96484375 0.568359375 0.966796875 0.5703125 0.994140625 0.5703125 0.998046875 0.572265625 0.998046875 0.77734375 0.98046875 0.779296875 0.96875 0.791015625 0.96484375 0.787109375 0.955078125 0.787109375 0.947265625 0.779296875 0.8515625 0.779296875 0.849609375 0.783203125 0.83203125 0.783203125 0.826171875 0.794921875 0.826171875 0.8046875 0.822265625 0.806640625 0.822265625 0.810546875 0.818359375 0.81640625 0.810546875 0.8203125 0.80859375 0.82421875 0.787109375 0.82421875 0.78515625 0.8203125 0.77734375 0.818359375 0.765625 0.80078125 0.759765625 0.796875 0.755859375 0.787109375 0.75 0.78515625 0.74609375 0.779296875 0.7421875 0.779296875 0.73828125 0.7734375 0.734375 0.7734375 0.728515625 0.767578125 0.71875 0.763671875 0.71875 0.759765625 0.71484375 0.75390625 0.71484375 0.736328125 0.712890625 0.734375 0.712890625 0.720703125 0.7109375 0.71875 0.71484375 0.70703125 0.71484375 0.6875 0.71875 0.67578125 0.73046875 0.6640625 0.748046875 0.66015625 0.75 0.65625 0.755859375 0.654296875 0.771484375 0.654296875 0.7734375 0.650390625 0.77734375 0.654296875 0.7890625 0.654296875 0.796875 0.642578125 0.798828125 0.630859375 0.810546875 0.619140625 0.814453125 0.61328125 0.814453125 0.609375 0.8203125 0.607421875 0.822265625 0.603515625 0.830078125 0.6015625 0.83203125 0.59765625 0.837890625 0.595703125 0.845703125 0.587890625 0.849609375 0.587890625 0.8515625 0.583984375 0.86328125 0.58203125 0.865234375 0.578125 0.884765625 0.576171875 0.88671875 0.572265625 0.896484375 0.572265625 0.8984375 0.5703125 0.962890625 0.568359375
0 0 0.640625 0.021484375 0.640625 0.0234375 0.642578125 0.029296875 0.642578125 0.0390625 0.662109375 0.037109375 0.685546875 0.029296875 0.6875 0.02734375 0.69140625 0.0234375 0.69140625 0.015625 0.69921875 0 0.69921875 0 0.642578125
0 0.0859375 0.6171875 0.107421875 0.6171875 0.109375 0.62109375 0.12109375 0.623046875 0.125 0.62890625 0.12890625 0.62890625 0.140625 0.640625 0.14453125 0.640625 0.15234375 0.64453125 0.154296875 0.6484375 0.158203125 0.6484375 0.162109375 0.65625 0.162109375 0.673828125 0.16015625 0.6796875 0.154296875 0.685546875 0.1484375 0.6875 0.140625 0.685546875 0.138671875 0.681640625 0.1328125 0.681640625 0.130859375 0.685546875 0.1171875 0.685546875 0.115234375 0.681640625 0.111328125 0.681640625 0.109375 0.685546875 0.0859375 0.685546875 0.076171875 0.693359375 0.068359375 0.693359375 0.06640625 0.69140625 0.044921875 0.693359375 0.0390625 0.685546875 0.041015625 0.66015625 0.03515625 0.6484375 0.037109375 0.63671875 0.04296875 0.63671875 0.048828125 0.630859375 0.060546875 0.62890625 0.06640625 0.623046875 0.083984375 0.62109375 0.0859375 0.619140625
0 0.203125 0.6171875 0.224609375 0.6171875 0.2265625 0.62109375 0.23828125 0.623046875 0.240234375 0.62890625 0.248046875 0.63671875 0.248046875 0.640625 0.255859375 0.64453125 0.2578125 0.650390625 0.2578125 0.66796875 0.255859375 0.673828125 0.234375 0.671875 0.232421875 0.66796875 0.224609375 0.677734375 0.22265625 0.673828125 0.21875 0.673828125 0.21484375 0.6796875 0.205078125 0.6796875 0.201171875 0.673828125 0.1953125 0.671875 0.189453125 0.673828125 0.181640625 0.681640625 0.177734375 0.6796875 0.171875 0.671875 0.171875 0.66796875 0.16796875 0.666015625 0.16796875 0.66015625 0.166015625 0.658203125 0.16796875 0.640625 0.173828125 0.630859375 0.177734375 0.630859375 0.181640625 0.625 0.189453125 0.62109375 0.201171875 0.62109375 0.203125 0.619140625
0 0.76953125 0.595703125 0.771484375 0.59765625 0.77734375 0.59765625 0.787109375 0.609375 0.787109375 0.619140625 0.794921875 0.630859375 0.79296875 0.646484375 0.7890625 0.6484375 0.76171875 0.6484375 0.759765625 0.65234375 0.75 0.65234375 0.740234375 0.66015625 0.7265625 0.662109375 0.724609375 0.666015625 0.712890625 0.666015625 0.70703125 0.66796875 0.705078125 0.671875 0.701171875 0.671875 0.6953125 0.666015625 0.693359375 0.642578125 0.689453125 0.634765625 0.69140625 0.625 0.693359375 0.623046875 0.701171875 0.623046875 0.7109375 0.61328125 0.7109375 0.607421875 0.720703125 0.59765625 0.728515625 0.59765625 0.73046875 0.595703125 0.767578125 0.595703125
0 0.248046875 0.607421875 0.25390625 0.609375 0.2578125 0.6171875 0.2578125 0.6328125 0.259765625 0.634765625 0.259765625 0.640625 0.2578125 0.642578125 0.25 0.640625 0.25 0.63671875 0.232421875 0.619140625 0.234375 0.609375 0.24609375 0.607421875
0 0.5625 0.583984375 0.587890625 0.583984375 0.58984375 0.58203125 0.607421875 0.583984375 0.61328125 0.58984375 0.615234375 0.6015625 0.619140625 0.609375 0.619140625 0.623046875 0.62109375 0.625 0.62109375 0.638671875 0.623046875 0.640625 0.623046875 0.658203125 0.61328125 0.681640625 0.607421875 0.681640625 0.599609375 0.671875 0.59375 0.67578125 0.587890625 0.685546875 0.58203125 0.685546875 0.576171875 0.67578125 0.5703125 0.671875 0.568359375 0.673828125 0.5546875 0.673828125 0.552734375 0.677734375 0.544921875 0.677734375 0.54296875 0.673828125 0.533203125 0.671875 0.52734375 0.6796875 0.515625 0.6796875 0.515625 0.673828125 0.5078125 0.662109375 0.5078125 0.6484375 0.509765625 0.646484375 0.51171875 0.630859375 0.52734375 0.619140625 0.546875 0.591796875 0.5625 0.5859375
0 0.6875 0.59765625 0.708984375 0.59765625 0.7109375 0.6015625 0.708984375 0.61328125 0.693359375 0.62890625 0.693359375 0.6484375 0.69140625 0.65234375 0.689453125 0.654296875 0.681640625 0.654296875 0.6796875 0.65234375 0.6796875 0.63671875 0.68359375 0.623046875 0.681640625 0.603515625 0.6875 0.599609375