0 0.994140625 0.62890625 0.998046875 0.630859375 0.998046875 0.724609375 0.9921875 0.724609375 0.98046875 0.7109375 0.974609375 0.7109375 0.97265625 0.70703125 0.966796875 0.70703125 0.9609375 0.705078125 0.958984375 0.701171875 0.955078125 0.701171875 0.953125 0.69921875 0.953125 0.68359375 0.951171875 0.681640625 0.951171875 0.6640625 0.953125 0.662109375 0.953125 0.6484375 0.955078125 0.64453125 0.966796875 0.640625 0.96875 0.63671875 0.98046875 0.634765625 0.982421875 0.630859375 0.9921875 0.62890625
0 0.939453125 0.666015625 0.9375 0.662109375 0.9375 0.62890625 0.9453125 0.615234375 0.9453125 0.609375 0.953125 0.6015625 0.962890625 0.6015625 0.96484375 0.603515625 0.962890625 0.607421875 0.962890625 0.626953125 0.966796875 0.630859375 0.966796875 0.638671875 0.955078125 0.642578125 0.951171875 0.6484375 0.94921875 0.658203125 0.939453125 0.6640625
0 0.263671875 0.609375 0.265625 0.611328125 0.271484375 0.611328125 0.275390625 0.6171875 0.279296875 0.625 0.279296875 0.634765625 0.26953125 0.6328125 0.26171875 0.623046875 0.25 0.615234375 0.25 0.611328125 0.26171875 0.609375
0 0.169921875 0.6171875 0.193359375 0.6171875 0.1875 0.625 0.181640625 0.640625 0.177734375 0.6796875 0.15625 0.681640625 0.14453125 0.666015625 0.14453125 0.650390625 0.1484375 0.646484375 0.1484375 0.63671875 0.16015625 0.626953125 0.16015625 0.623046875 0.169921875 0.619140625
0 0.001953125 0.603515625 0.01171875 0.603515625 0.013671875 0.607421875 0.021484375 0.609375 0.021484375 0.61328125 0.025390625 0.6171875 0.033203125 0.634765625 0.033203125 0.658203125 0.02734375 0.671875 0.0234375 0.671875 0.017578125 0.666015625 0.00390625 0.666015625 0 0.662109375 0 0.607421875 0.001953125 0.60546875
0 0.201171875 0.6171875 0.248046875 0.615234375 0.26171875 0.625 0.26953125 0.634765625 0.279296875 0.63671875 0.287109375 0.650390625 0.287109375 0.662109375 0.283203125 0.671875 0.279296875 0.67578125 0.279296875 0.6796875 0.2734375 0.6796875 0.267578125 0.673828125 0.2578125 0.673828125 0.255859375 0.677734375 0.25 0.6796875 0.240234375 0.677734375 0.23828125 0.673828125 0.234375 0.673828125 0.22265625 0.685546875 0.21484375 0.685546875 0.208984375 0.6796875 0.201171875 0.6796875 0.1953125 0.685546875 0.1875 0.685546875 0.1875 0.681640625 0.181640625 0.673828125 0.18359375 0.640625 0.1875 0.634765625 0.189453125 0.625 0.201171875 0.619140625
0 0.896484375 0.6015625 0.912109375 0.603515625 0.9140625 0.61328125 0.919921875 0.623046875 0.919921875 0.646484375 0.91796875 0.6484375 0.91796875 0.654296875 0.9140625 0.658203125 0.91015625 0.650390625 0.90625 0.6484375 0.904296875 0.642578125 0.904296875 0.615234375 0.8984375 0.61328125 0.896484375 0.603515625
0 0.275390625 0.603515625 0.279296875 0.6015625 0.29296875 0.6015625 0.296875 0.609375 0.296875 0.619140625 0.298828125 0.62109375 0.298828125 0.642578125 0.294921875 0.6484375 0.2890625 0.6484375 0.279296875 0.634765625 0.279296875 0.623046875 0.2734375 0.61328125 0.2734375 0.607421875 0.275390625 0.60546875
0 0.056640625 0.603515625 0.083984375 0.603515625 0.0859375 0.607421875 0.091796875 0.607421875 0.099609375 0.611328125 0.1015625 0.619140625 0.107421875 0.625 0.107421875 0.6484375 0.099609375 0.662109375 0.095703125 0.662109375 0.091796875 0.658203125 0.0703125 0.658203125 0.068359375 0.662109375 0.0625 0.662109375 0.056640625 0.65234375 0.05078125 0.65234375 0.048828125 0.6484375 0.0390625 0.6484375 0.037109375 0.646484375 0.037109375 0.625 0.046875 0.61328125 0.046875 0.609375 0.05078125 0.609375 0.056640625 0.60546875
0 0.697265625 0.595703125 0.69921875 0.59765625 0.724609375 0.59765625 0.7265625 0.6015625 0.732421875 0.6015625 0.734375 0.603515625 0.7421875 0.626953125 0.748046875 0.634765625 0.748046875 0.6484375 0.751953125 0.654296875 0.751953125 0.6796875 0.7421875 0.689453125 0.740234375 0.69921875 0.73828125 0.701171875 0.7265625 0.701171875 0.724609375 0.69921875 0.716796875 0.70703125 0.703125 0.70703125 0.69921875 0.705078125 0.693359375 0.6953125 0.6875 0.693359375 0.6875 0.6875 0.6796875 0.666015625 0.6796875 0.65625 0.67578125 0.65234375 0.666015625 0.623046875 0.666015625 0.6171875 0.671875 0.60546875 0.671875 0.59765625 0.673828125 0.595703125 0.6953125 0.595703125
0 0.421875 0.59765625 0.443359375 0.59765625 0.4453125 0.6015625 0.458984375 0.6015625 0.4609375 0.59765625 0.486328125 0.59765625 0.48828125 0.6015625 0.513671875 0.603515625 0.515625 0.607421875 0.52734375 0.607421875 0.529296875 0.609375 0.544921875 0.611328125 0.548828125 0.6171875 0.552734375 0.634765625 0.556640625 0.63671875 0.55859375 0.642578125 0.5546875 0.6796875 0.552734375 0.681640625 0.5546875 0.68359375 0.552734375 0.712890625 0.544921875 0.734375 0.544921875 0.74609375 0.54296875 0.748046875 0.54296875 0.7578125 0.541015625 0.759765625 0.5390625 0.779296875 0.537109375 0.78125 0.537109375 0.8359375 0.529296875 0.83984375 0.5234375 0.837890625 0.517578125 0.830078125 0.515625 0.818359375 0.51171875 0.810546875 0.458984375 0.810546875 0.453125 0.802734375 0.453125 0.7890625 0.4453125 0.763671875 0.4453125 0.755859375 0.439453125 0.74609375 0.435546875 0.728515625 0.4296875 0.71875 0.427734375 0.701171875 0.4140625 0.671875 0.412109375 0.6484375 0.4140625 0.646484375 0.4140625 0.630859375 0.419921875 0.615234375 0.41796875 0.603515625 0.421875 0.599609375
0 0.9921875 0.59765625 0.99609375 0.59765625 0.998046875 0.6015625 0.998046875 0.626953125 0.990234375 0.626953125 0.990234375 0.615234375 0.986328125 0.609375 0.986328125 0.603515625 0.9921875 0.599609375