0 0.8671875 0.591796875 0.89453125 0.58984375 0.896484375 0.587890625 0.95703125 0.587890625 0.974609375 0.59765625 0.9765625 0.60546875 0.982421875 0.609375 0.982421875 0.61328125 0.990234375 0.623046875 0.990234375 0.640625 0.986328125 0.646484375 0.98046875 0.6484375 0.978515625 0.65234375 0.962890625 0.654296875 0.9609375 0.65625 0.958984375 0.671875 0.953125 0.67578125 0.951171875 0.681640625 0.94921875 0.701171875 0.9375 0.71484375 0.931640625 0.71484375 0.923828125 0.701171875 0.900390625 0.701171875 0.8984375 0.69921875 0.83984375 0.69921875 0.826171875 0.712890625 0.806640625 0.71484375 0.80078125 0.712890625 0.79296875 0.701171875 0.78125 0.69921875 0.77734375 0.69140625 0.779296875 0.650390625 0.783203125 0.64453125 0.787109375 0.64453125 0.794921875 0.63671875 0.802734375 0.63671875 0.8046875 0.634765625 0.810546875 0.634765625 0.8125 0.630859375 0.828125 0.62890625 0.8515625 0.603515625 0.857421875 0.6015625 0.859375 0.59765625 0.8671875 0.59375
0 0 0.623046875 0.0078125 0.623046875 0.013671875 0.62890625 0.021484375 0.630859375 0.0234375 0.634765625 0.03125 0.634765625 0.037109375 0.642578125 0.046875 0.64453125 0.052734375 0.650390625 0.052734375 0.658203125 0.05859375 0.6640625 0.05859375 0.6796875 0.060546875 0.681640625 0.05859375 0.6875 0.0546875 0.6875 0.052734375 0.69140625 0.041015625 0.6953125 0.015625 0.6953125 0.01171875 0.69140625 0 0.69140625 0 0.625
0 0 0.603515625 0.015625 0.603515625 0.021484375 0.609375 0.021484375 0.61328125 0.033203125 0.630859375 0.033203125 0.634765625 0.029296875 0.634765625 0.02734375 0.638671875 0.0234375 0.638671875 0.021484375 0.634765625 0.017578125 0.634765625 0.0078125 0.623046875 0 0.62109375 0 0.60546875
0 0.19921875 0.6171875 0.23046875 0.6171875 0.232421875 0.62109375 0.24609375 0.625 0.251953125 0.638671875 0.263671875 0.650390625 0.26171875 0.662109375 0.255859375 0.673828125 0.232421875 0.671875 0.23046875 0.673828125 0.224609375 0.673828125 0.22265625 0.677734375 0.208984375 0.6796875 0.203125 0.673828125 0.197265625 0.673828125 0.1953125 0.671875 0.1875 0.6796875 0.1796875 0.6796875 0.17578125 0.669921875 0.171875 0.666015625 0.171875 0.63671875 0.177734375 0.634765625 0.1875 0.623046875 0.19921875 0.619140625
0 0.08984375 0.6171875 0.11328125 0.6171875 0.115234375 0.62109375 0.12109375 0.62109375 0.125 0.625 0.12890625 0.625 0.14453125 0.640625 0.158203125 0.64453125 0.1640625 0.65625 0.1640625 0.66796875 0.162109375 0.669921875 0.162109375 0.681640625 0.16015625 0.685546875 0.150390625 0.6875 0.14453125 0.685546875 0.142578125 0.681640625 0.13671875 0.681640625 0.134765625 0.685546875 0.091796875 0.685546875 0.08203125 0.693359375 0.06640625 0.69140625 0.064453125 0.6875 0.060546875 0.6875 0.05859375 0.6640625 0.0546875 0.658203125 0.0546875 0.650390625 0.05078125 0.646484375 0.046875 0.646484375 0.044921875 0.642578125 0.0390625 0.642578125 0.0390625 0.640625 0.04296875 0.63671875 0.05078125 0.634765625 0.052734375 0.630859375 0.060546875 0.62890625 0.06640625 0.623046875 0.087890625 0.62109375 0.08984375 0.619140625
0 0.072265625 0.6015625 0.07421875 0.603515625 0.087890625 0.603515625 0.08984375 0.607421875 0.09765625 0.609375 0.099609375 0.615234375 0.095703125 0.615234375 0.09375 0.619140625 0.06640625 0.62109375 0.064453125 0.623046875 0.048828125 0.62109375 0.046875 0.619140625 0.046875 0.611328125 0.0546875 0.607421875 0.056640625 0.603515625 0.0703125 0.6015625
0 0.3359375 0.609375 0.353515625 0.609375 0.35546875 0.611328125 0.35546875 0.626953125 0.353515625 0.62890625 0.353515625 0.642578125 0.349609375 0.650390625 0.349609375 0.658203125 0.345703125 0.662109375 0.34375 0.671875 0.337890625 0.673828125 0.3359375 0.677734375 0.333984375 0.677734375 0.33203125 0.671875 0.33203125 0.6640625 0.3359375 0.654296875 0.3359375 0.611328125
0 0.98046875 0.59765625 0.998046875 0.59765625 0.998046875 0.634765625 0.99609375 0.638671875 0.9921875 0.634765625 0.9921875 0.62109375 0.984375 0.61328125 0.984375 0.609375 0.98046875 0.60546875 0.98046875 0.599609375
0 0.5625 0.578125 0.61328125 0.578125 0.615234375 0.58203125 0.634765625 0.58203125 0.63671875 0.583984375 0.642578125 0.583984375 0.64453125 0.587890625 0.666015625 0.591796875 0.66796875 0.595703125 0.67578125 0.595703125 0.6875 0.6328125 0.693359375 0.63671875 0.6953125 0.634765625 0.69921875 0.63671875 0.705078125 0.6484375 0.705078125 0.658203125 0.708984375 0.6640625 0.708984375 0.6796875 0.7109375 0.681640625 0.708984375 0.7578125 0.705078125 0.771484375 0.69921875 0.77734375 0.693359375 0.779296875 0.693359375 0.806640625 0.685546875 0.822265625 0.681640625 0.8359375 0.67578125 0.83984375 0.6484375 0.83984375 0.646484375 0.837890625 0.640625 0.837890625 0.634765625 0.830078125 0.6328125 0.8203125 0.609375 0.796875 0.6015625 0.796875 0.599609375 0.79296875 0.59375 0.79296875 0.591796875 0.796875 0.51171875 0.798828125 0.509765625 0.802734375 0.47265625 0.802734375 0.466796875 0.8046875 0.4609375 0.8125 0.458984375 0.83984375 0.453125 0.849609375 0.447265625 0.85546875 0.4296875 0.857421875 0.427734375 0.859375 0.4140625 0.859375 0.408203125 0.857421875 0.400390625 0.845703125 0.3984375 0.83203125 0.392578125 0.82421875 0.39453125 0.8203125 0.390625 0.81640625 0.390625 0.80859375 0.37109375 0.802734375 0.359375 0.787109375 0.359375 0.7734375 0.361328125 0.771484375 0.359375 0.767578125 0.359375 0.732421875 0.36328125 0.724609375 0.36328125 0.703125 0.365234375 0.697265625 0.37890625 0.68359375 0.388671875 0.6796875 0.390625 0.67578125 0.3984375 0.673828125 0.400390625 0.669921875 0.412109375 0.66796875 0.4140625 0.6640625 0.427734375 0.662109375 0.4375 0.654296875 0.4453125 0.654296875 0.4609375 0.63671875 0.46484375 0.63671875 0.4765625 0.623046875 0.484375 0.619140625 0.484375 0.615234375 0.4921875 0.609375 0.494140625 0.603515625 0.505859375 0.6015625 0.509765625 0.595703125 0.517578125 0.595703125 0.51953125 0.591796875 0.537109375 0.587890625 0.5390625 0.583984375 0.560546875 0.58203125 0.5625 0.580078125
0 0.419921875 0.58203125 0.42578125 0.583984375 0.4296875 0.595703125 0.43359375 0.65234375 0.427734375 0.658203125 0.423828125 0.658203125 0.41796875 0.662109375 0.41015625 0.662109375 0.408203125 0.666015625 0.3984375 0.666015625 0.392578125 0.671875 0.384765625 0.673828125 0.3828125 0.677734375 0.37890625 0.677734375 0.376953125 0.673828125 0.3671875 0.673828125 0.365234375 0.677734375 0.357421875 0.681640625 0.349609375 0.677734375 0.349609375 0.662109375 0.35546875 0.640625 0.353515625 0.638671875 0.35546875 0.634765625 0.35546875 0.623046875 0.36328125 0.6015625 0.369140625 0.6015625 0.373046875 0.595703125 0.376953125 0.595703125 0.3828125 0.58984375 0.396484375 0.587890625 0.400390625 0.58203125 0.41796875 0.58203125
0 0.69921875 0.6328125 0.697265625 0.62890625 0.689453125 0.62890625 0.6875 0.626953125 0.685546875 0.611328125 0.68359375 0.609375 0.68359375 0.59765625 0.685546875 0.595703125 0.71875 0.595703125 0.724609375 0.59765625 0.732421875 0.609375 0.734375 0.619140625 0.740234375 0.625 0.744140625 0.642578125 0.740234375 0.650390625 0.740234375 0.658203125 0.734375 0.66796875 0.728515625 0.66796875 0.724609375 0.662109375 0.7109375 0.662109375 0.708984375 0.6484375 0.703125 0.640625 0.703125 0.634765625 0.701171875 0.6328125