0 0.93359375 0.59765625 0.94140625 0.59765625 0.951171875 0.611328125 0.951171875 0.615234375 0.947265625 0.62109375 0.947265625 0.62890625 0.94140625 0.62890625 0.94140625 0.623046875 0.9375 0.619140625 0.9375 0.611328125 0.931640625 0.607421875 0.931640625 0.6015625 0.93359375 0.599609375
0 0.8203125 0.595703125 0.822265625 0.59765625 0.828125 0.595703125 0.841796875 0.59765625 0.841796875 0.607421875 0.833984375 0.6171875 0.833984375 0.62109375 0.828125 0.625 0.82421875 0.63671875 0.82421875 0.69921875 0.822265625 0.701171875 0.8203125 0.724609375 0.7578125 0.724609375 0.74609375 0.740234375 0.728515625 0.740234375 0.724609375 0.73828125 0.72265625 0.728515625 0.716796875 0.720703125 0.70703125 0.720703125 0.69921875 0.712890625 0.703125 0.6640625 0.7109375 0.658203125 0.7109375 0.654296875 0.716796875 0.654296875 0.71875 0.650390625 0.732421875 0.6484375 0.734375 0.64453125 0.755859375 0.640625 0.79296875 0.603515625 0.802734375 0.6015625 0.8046875 0.59765625 0.818359375 0.59765625
0 0.3515625 0.611328125 0.365234375 0.607421875 0.37890625 0.607421875 0.384765625 0.609375 0.388671875 0.62109375 0.388671875 0.62890625 0.380859375 0.64453125 0.37890625 0.658203125 0.373046875 0.662109375 0.36328125 0.662109375 0.359375 0.666015625 0.359375 0.662109375 0.3515625 0.658203125 0.349609375 0.662109375 0.34375 0.662109375 0.34375 0.6484375 0.341796875 0.646484375 0.34375 0.62109375 0.345703125 0.615234375 0.3515625 0.61328125
0 0.0078125 0.603515625 0.01171875 0.603515625 0.013671875 0.607421875 0.01953125 0.607421875 0.0234375 0.611328125 0.03515625 0.642578125 0.033203125 0.658203125 0.029296875 0.6640625 0.029296875 0.671875 0.0078125 0.671875 0.005859375 0.673828125 0 0.673828125 0 0.607421875 0.005859375 0.607421875 0.0078125 0.60546875
0 0.29296875 0.615234375 0.298828125 0.6171875 0.30078125 0.62109375 0.30859375 0.625 0.310546875 0.6328125 0.31640625 0.640625 0.31640625 0.662109375 0.314453125 0.66796875 0.310546875 0.671875 0.30859375 0.66796875 0.30078125 0.66796875 0.298828125 0.671875 0.29296875 0.673828125 0.2890625 0.662109375 0.2890625 0.6171875 0.291015625 0.6171875
0 0.3984375 0.611328125 0.408203125 0.607421875 0.4453125 0.607421875 0.44921875 0.611328125 0.451171875 0.626953125 0.45703125 0.642578125 0.45703125 0.662109375 0.453125 0.673828125 0.447265625 0.673828125 0.443359375 0.66796875 0.43359375 0.666015625 0.431640625 0.66796875 0.42578125 0.66796875 0.419921875 0.677734375 0.41015625 0.677734375 0.404296875 0.66796875 0.392578125 0.66796875 0.38671875 0.677734375 0.3828125 0.677734375 0.380859375 0.673828125 0.3828125 0.642578125 0.38671875 0.638671875 0.390625 0.625 0.396484375 0.619140625 0.3984375 0.61328125
0 0.130859375 0.609375 0.1328125 0.611328125 0.14453125 0.611328125 0.154296875 0.625 0.16015625 0.640625 0.158203125 0.662109375 0.154296875 0.66796875 0.154296875 0.671875 0.146484375 0.681640625 0.146484375 0.685546875 0.138671875 0.685546875 0.13671875 0.681640625 0.12890625 0.681640625 0.126953125 0.685546875 0.119140625 0.685546875 0.1171875 0.681640625 0.103515625 0.6796875 0.099609375 0.68359375 0.099609375 0.6875 0.08984375 0.6875 0.087890625 0.685546875 0.0859375 0.67578125 0.08203125 0.671875 0.078125 0.662109375 0.078125 0.609375 0.080078125 0.607421875 0.12890625 0.609375
0 0.294921875 0.603515625 0.310546875 0.6015625 0.318359375 0.611328125 0.3203125 0.6171875 0.3203125 0.62890625 0.318359375 0.634765625 0.314453125 0.634765625 0.296875 0.615234375 0.29296875 0.615234375 0.29296875 0.607421875 0.294921875 0.60546875
0 0.337890625 0.607421875 0.33984375 0.609375 0.349609375 0.609375 0.349609375 0.61328125 0.341796875 0.62109375 0.341796875 0.6484375 0.328125 0.6484375 0.32421875 0.646484375 0.3203125 0.634765625 0.3203125 0.630859375 0.328125 0.62109375 0.328125 0.609375 0.3359375 0.607421875
0 0.587890625 0.578125 0.591796875 0.58203125 0.595703125 0.578125 0.59765625 0.58203125 0.62109375 0.58203125 0.623046875 0.583984375 0.62890625 0.583984375 0.6328125 0.595703125 0.638671875 0.603515625 0.638671875 0.609375 0.646484375 0.630859375 0.646484375 0.640625 0.64453125 0.642578125 0.646484375 0.6484375 0.646484375 0.671875 0.640625 0.67578125 0.63671875 0.685546875 0.630859375 0.6875 0.623046875 0.6953125 0.623046875 0.69921875 0.6171875 0.705078125 0.611328125 0.705078125 0.60546875 0.7109375 0.591796875 0.7109375 0.5859375 0.705078125 0.5859375 0.701171875 0.58203125 0.6953125 0.576171875 0.693359375 0.54296875 0.693359375 0.541015625 0.69140625 0.537109375 0.693359375 0.53515625 0.69140625 0.51953125 0.69140625 0.513671875 0.6953125 0.5078125 0.6953125 0.50390625 0.69140625 0.498046875 0.69140625 0.4921875 0.69921875 0.48046875 0.701171875 0.4765625 0.69921875 0.4765625 0.6953125 0.47265625 0.689453125 0.462890625 0.6796875 0.46484375 0.650390625 0.46875 0.642578125 0.46875 0.63671875 0.4765625 0.62890625 0.482421875 0.62890625 0.484375 0.625 0.49609375 0.623046875 0.505859375 0.61328125 0.51171875 0.603515625 0.517578125 0.6015625 0.525390625 0.591796875 0.537109375 0.587890625 0.5390625 0.583984375 0.544921875 0.583984375 0.546875 0.58203125 0.5859375 0.58203125 0.587890625 0.580078125
0 0.763671875 0.59765625 0.7890625 0.59765625 0.7890625 0.60546875 0.78125 0.61328125 0.775390625 0.615234375 0.755859375 0.638671875 0.748046875 0.638671875 0.74609375 0.640625 0.7421875 0.640625 0.7421875 0.625 0.751953125 0.611328125 0.7578125 0.607421875 0.7578125 0.603515625 0.763671875 0.599609375