0 0.708984375 0.59765625 0.71484375 0.59765625 0.716796875 0.6015625 0.736328125 0.603515625 0.73828125 0.607421875 0.75 0.607421875 0.7578125 0.611328125 0.763671875 0.611328125 0.765625 0.615234375 0.775390625 0.6171875 0.77734375 0.62109375 0.78515625 0.623046875 0.7890625 0.62890625 0.798828125 0.630859375 0.80078125 0.634765625 0.8125 0.63671875 0.814453125 0.640625 0.818359375 0.640625 0.8203125 0.642578125 0.8203125 0.66796875 0.828125 0.6875 0.826171875 0.70703125 0.822265625 0.71484375 0.818359375 0.716796875 0.818359375 0.720703125 0.806640625 0.720703125 0.8046875 0.724609375 0.7890625 0.724609375 0.78515625 0.728515625 0.78515625 0.732421875 0.78125 0.73828125 0.775390625 0.740234375 0.7734375 0.744140625 0.763671875 0.744140625 0.76171875 0.740234375 0.7578125 0.740234375 0.7578125 0.736328125 0.748046875 0.724609375 0.724609375 0.724609375 0.72265625 0.720703125 0.669921875 0.71875 0.66796875 0.71484375 0.650390625 0.71484375 0.646484375 0.720703125 0.646484375 0.724609375 0.63671875 0.732421875 0.62109375 0.73046875 0.6171875 0.7265625 0.615234375 0.716796875 0.611328125 0.712890625 0.6015625 0.7109375 0.599609375 0.70703125 0.59375 0.705078125 0.59375 0.693359375 0.595703125 0.69140625 0.595703125 0.68359375 0.59375 0.681640625 0.595703125 0.6796875 0.595703125 0.673828125 0.6015625 0.666015625 0.6015625 0.66015625 0.607421875 0.650390625 0.609375 0.6484375 0.615234375 0.6484375 0.6171875 0.64453125 0.623046875 0.64453125 0.6328125 0.640625 0.642578125 0.640625 0.64453125 0.63671875 0.6484375 0.63671875 0.65234375 0.6328125 0.65625 0.626953125 0.65625 0.623046875 0.662109375 0.62109375 0.671875 0.611328125 0.68359375 0.607421875 0.685546875 0.603515625 0.70703125 0.6015625 0.708984375 0.599609375
0 0.255859375 0.609375 0.2578125 0.611328125 0.263671875 0.611328125 0.265625 0.615234375 0.265625 0.62890625 0.26171875 0.63671875 0.26171875 0.646484375 0.2578125 0.658203125 0.244140625 0.658203125 0.23828125 0.662109375 0.234375 0.66015625 0.234375 0.62890625 0.2421875 0.611328125 0.244140625 0.609375 0.25390625 0.609375
0 0.30078125 0.615234375 0.306640625 0.623046875 0.310546875 0.634765625 0.314453125 0.63671875 0.314453125 0.666015625 0.306640625 0.66796875 0.3046875 0.671875 0.271484375 0.671875 0.26953125 0.673828125 0.263671875 0.673828125 0.26171875 0.671875 0.26171875 0.6484375 0.263671875 0.646484375 0.263671875 0.63671875 0.267578125 0.62890625 0.26953125 0.6171875 0.2734375 0.615234375 0.298828125 0.615234375
0 0.00390625 0.603515625 0.01171875 0.603515625 0.013671875 0.607421875 0.021484375 0.609375 0.021484375 0.61328125 0.029296875 0.623046875 0.029296875 0.62890625 0.033203125 0.634765625 0.033203125 0.658203125 0.02734375 0.671875 0.0234375 0.671875 0.021484375 0.66796875 0.015625 0.666015625 0 0.666015625 0 0.607421875 0.00390625 0.60546875
0 0.4140625 0.609375 0.41796875 0.611328125 0.419921875 0.62109375 0.4140625 0.623046875 0.412109375 0.626953125 0.408203125 0.626953125 0.40234375 0.634765625 0.3984375 0.6484375 0.3984375 0.662109375 0.39453125 0.673828125 0.380859375 0.673828125 0.376953125 0.66796875 0.3671875 0.66796875 0.365234375 0.673828125 0.359375 0.673828125 0.35546875 0.666015625 0.35546875 0.654296875 0.359375 0.6484375 0.359375 0.640625 0.375 0.619140625 0.376953125 0.611328125 0.3828125 0.609375 0.412109375 0.609375
0 0.123046875 0.611328125 0.126953125 0.609375 0.1484375 0.609375 0.150390625 0.607421875 0.177734375 0.609375 0.181640625 0.615234375 0.19140625 0.615234375 0.193359375 0.6171875 0.193359375 0.62109375 0.197265625 0.625 0.203125 0.640625 0.203125 0.662109375 0.19921875 0.671875 0.19140625 0.681640625 0.16015625 0.677734375 0.154296875 0.681640625 0.154296875 0.685546875 0.142578125 0.685546875 0.138671875 0.6796875 0.1328125 0.681640625 0.130859375 0.685546875 0.125 0.685546875 0.119140625 0.6796875 0.119140625 0.67578125 0.11328125 0.671875 0.1171875 0.62109375 0.123046875 0.61328125
0 0.056640625 0.603515625 0.0859375 0.603515625 0.087890625 0.607421875 0.099609375 0.611328125 0.099609375 0.615234375 0.107421875 0.62890625 0.107421875 0.646484375 0.103515625 0.650390625 0.103515625 0.654296875 0.099609375 0.66015625 0.095703125 0.662109375 0.0703125 0.66015625 0.068359375 0.666015625 0.0625 0.666015625 0.05859375 0.654296875 0.048828125 0.65234375 0.046875 0.6484375 0.0390625 0.646484375 0.0390625 0.623046875 0.046875 0.611328125 0.056640625 0.60546875
0 0.8359375 0.587890625 0.86328125 0.587890625 0.865234375 0.58984375 0.865234375 0.595703125 0.857421875 0.603515625 0.857421875 0.607421875 0.849609375 0.6171875 0.84765625 0.623046875 0.84765625 0.62890625 0.84375 0.63671875 0.84375 0.662109375 0.841796875 0.666015625 0.841796875 0.654296875 0.8359375 0.6484375 0.82421875 0.6484375 0.82421875 0.642578125 0.8203125 0.634765625 0.8203125 0.6171875 0.828125 0.607421875 0.830078125 0.59765625 0.8359375 0.58984375
0 0.9453125 0.603515625 0.94921875 0.6015625 0.966796875 0.6015625 0.96875 0.603515625 0.96875 0.607421875 0.9609375 0.6171875 0.95703125 0.634765625 0.953125 0.634765625 0.9453125 0.626953125 0.94140625 0.615234375 0.94140625 0.609375 0.9453125 0.60546875
0 0.529296875 0.58203125 0.533203125 0.583984375 0.537109375 0.591796875 0.5390625 0.60546875 0.544921875 0.611328125 0.546875 0.6171875 0.55078125 0.666015625 0.548828125 0.671875 0.537109375 0.67578125 0.53515625 0.69140625 0.529296875 0.6953125 0.5234375 0.6953125 0.51953125 0.69140625 0.517578125 0.68359375 0.51171875 0.6796875 0.501953125 0.68359375 0.5 0.693359375 0.494140625 0.69921875 0.486328125 0.69921875 0.474609375 0.681640625 0.458984375 0.681640625 0.455078125 0.6875 0.44921875 0.6875 0.4453125 0.681640625 0.42578125 0.6796875 0.419921875 0.68359375 0.419921875 0.6875 0.416015625 0.69140625 0.408203125 0.69140625 0.400390625 0.671875 0.40234375 0.666015625 0.400390625 0.66015625 0.400390625 0.64453125 0.40625 0.634765625 0.40625 0.630859375 0.419921875 0.623046875 0.4375 0.59765625 0.443359375 0.595703125 0.447265625 0.58984375 0.455078125 0.587890625 0.45703125 0.583984375 0.46484375 0.583984375 0.466796875 0.58203125 0.52734375 0.58203125
0 0.3671875 0.607421875 0.373046875 0.609375 0.373046875 0.619140625 0.3671875 0.625 0.365234375 0.6328125 0.359375 0.63671875 0.357421875 0.6484375 0.3515625 0.66015625 0.328125 0.658203125 0.328125 0.63671875 0.33203125 0.6328125 0.33203125 0.62890625 0.34375 0.609375 0.365234375 0.607421875