0 0.443359375 0.609375 0.44921875 0.611328125 0.451171875 0.615234375 0.451171875 0.62109375 0.45703125 0.630859375 0.45703125 0.640625 0.458984375 0.642578125 0.458984375 0.666015625 0.455078125 0.666015625 0.44921875 0.673828125 0.4453125 0.673828125 0.4453125 0.669921875 0.439453125 0.666015625 0.4296875 0.666015625 0.421875 0.646484375 0.421875 0.63671875 0.41796875 0.626953125 0.419921875 0.6171875 0.427734375 0.615234375 0.4296875 0.611328125 0.44140625 0.609375
0 0.056640625 0.603515625 0.083984375 0.603515625 0.0859375 0.607421875 0.095703125 0.609375 0.099609375 0.615234375 0.099609375 0.62890625 0.095703125 0.634765625 0.091796875 0.65234375 0.0859375 0.654296875 0.08203125 0.66015625 0.07421875 0.66015625 0.068359375 0.666015625 0.064453125 0.666015625 0.05859375 0.654296875 0.046875 0.65234375 0.044921875 0.6484375 0.0390625 0.6484375 0.037109375 0.642578125 0.0390625 0.640625 0.0390625 0.62109375 0.04296875 0.619140625 0.048828125 0.609375 0.056640625 0.60546875
0 0.794921875 0.58984375 0.796875 0.591796875 0.833984375 0.591796875 0.8359375 0.595703125 0.86328125 0.59765625 0.865234375 0.607421875 0.873046875 0.619140625 0.904296875 0.650390625 0.904296875 0.666015625 0.90234375 0.671875 0.912109375 0.68359375 0.912109375 0.69140625 0.916015625 0.6953125 0.919921875 0.708984375 0.919921875 0.7578125 0.91796875 0.763671875 0.904296875 0.78125 0.904296875 0.791015625 0.900390625 0.802734375 0.896484375 0.806640625 0.89453125 0.81640625 0.892578125 0.818359375 0.869140625 0.818359375 0.861328125 0.810546875 0.859375 0.798828125 0.849609375 0.78515625 0.8359375 0.78515625 0.833984375 0.783203125 0.7890625 0.78515625 0.783203125 0.783203125 0.78125 0.78515625 0.712890625 0.787109375 0.7109375 0.791015625 0.708984375 0.787109375 0.701171875 0.787109375 0.69921875 0.791015625 0.689453125 0.791015625 0.685546875 0.794921875 0.68359375 0.802734375 0.677734375 0.806640625 0.677734375 0.810546875 0.673828125 0.81640625 0.66796875 0.8203125 0.65625 0.8203125 0.654296875 0.82421875 0.650390625 0.82421875 0.6484375 0.8203125 0.642578125 0.8203125 0.638671875 0.81640625 0.6328125 0.806640625 0.6328125 0.80078125 0.626953125 0.79296875 0.62109375 0.79296875 0.619140625 0.791015625 0.59375 0.791015625 0.591796875 0.787109375 0.5859375 0.78515625 0.578125 0.7578125 0.580078125 0.708984375 0.583984375 0.701171875 0.5859375 0.689453125 0.591796875 0.6875 0.59765625 0.681640625 0.609375 0.6796875 0.611328125 0.67578125 0.619140625 0.673828125 0.62109375 0.669921875 0.640625 0.66796875 0.642578125 0.6640625 0.65625 0.662109375 0.66015625 0.658203125 0.662109375 0.650390625 0.671875 0.642578125 0.673828125 0.63671875 0.6796875 0.630859375 0.685546875 0.62890625 0.703125 0.609375 0.708984375 0.607421875 0.71875 0.59765625 0.74609375 0.595703125 0.748046875 0.591796875 0.79296875 0.58984375
0 0.484375 0.603515625 0.49609375 0.603515625 0.49609375 0.607421875 0.48828125 0.619140625 0.482421875 0.623046875 0.482421875 0.626953125 0.4765625 0.630859375 0.466796875 0.666015625 0.4609375 0.662109375 0.4609375 0.64453125 0.458984375 0.642578125 0.458984375 0.62890625 0.46875 0.611328125 0.484375 0.60546875
0 0.25 0.611328125 0.267578125 0.611328125 0.26953125 0.615234375 0.2734375 0.615234375 0.2734375 0.619140625 0.28125 0.634765625 0.28125 0.658203125 0.2734375 0.662109375 0.271484375 0.666015625 0.265625 0.666015625 0.265625 0.6484375 0.263671875 0.64453125 0.25390625 0.638671875 0.251953125 0.634765625 0.23828125 0.6328125 0.234375 0.626953125 0.234375 0.62109375 0.23828125 0.62109375 0.2421875 0.615234375 0.248046875 0.615234375 0.25 0.61328125
0 0.146484375 0.62109375 0.150390625 0.623046875 0.150390625 0.634765625 0.15234375 0.638671875 0.1484375 0.64453125 0.146484375 0.658203125 0.140625 0.66796875 0.138671875 0.677734375 0.126953125 0.6875 0.119140625 0.6875 0.11328125 0.6796875 0.107421875 0.677734375 0.09765625 0.681640625 0.091796875 0.6875 0.0859375 0.685546875 0.0859375 0.662109375 0.099609375 0.6640625 0.1015625 0.662109375 0.1015625 0.65625 0.107421875 0.6484375 0.109375 0.634765625 0.11328125 0.634765625 0.125 0.623046875 0.14453125 0.62109375
0 0 0.603515625 0.013671875 0.603515625 0.015625 0.607421875 0.01953125 0.607421875 0.0234375 0.619140625 0.029296875 0.625 0.033203125 0.63671875 0.033203125 0.658203125 0.02734375 0.671875 0.021484375 0.671875 0.01953125 0.66796875 0.013671875 0.666015625 0.0078125 0.666015625 0.005859375 0.66796875 0 0.666015625 0 0.60546875
0 0.95703125 0.603515625 0.962890625 0.6015625 0.984375 0.6015625 0.98828125 0.603515625 0.98828125 0.609375 0.990234375 0.611328125 0.990234375 0.658203125 0.986328125 0.662109375 0.96875 0.662109375 0.962890625 0.66015625 0.958984375 0.65234375 0.958984375 0.623046875 0.955078125 0.615234375 0.955078125 0.607421875 0.95703125 0.60546875
0 0.212890625 0.62109375 0.23046875 0.625 0.23828125 0.634765625 0.251953125 0.63671875 0.263671875 0.6484375 0.263671875 0.671875 0.2578125 0.67578125 0.255859375 0.681640625 0.24609375 0.681640625 0.240234375 0.677734375 0.232421875 0.681640625 0.1953125 0.6796875 0.193359375 0.673828125 0.1953125 0.66796875 0.203125 0.662109375 0.203125 0.65625 0.20703125 0.65234375 0.212890625 0.6328125 0.212890625 0.623046875
0 0.515625 0.591796875 0.560546875 0.591796875 0.576171875 0.6171875 0.576171875 0.6328125 0.580078125 0.642578125 0.580078125 0.658203125 0.578125 0.66015625 0.576171875 0.673828125 0.572265625 0.6796875 0.564453125 0.6796875 0.560546875 0.671875 0.55078125 0.671875 0.544921875 0.67578125 0.54296875 0.681640625 0.5390625 0.681640625 0.537109375 0.685546875 0.533203125 0.685546875 0.529296875 0.6796875 0.529296875 0.67578125 0.525390625 0.671875 0.517578125 0.673828125 0.513671875 0.6796875 0.509765625 0.6796875 0.50390625 0.671875 0.4921875 0.671875 0.482421875 0.681640625 0.4765625 0.681640625 0.47265625 0.677734375 0.46875 0.66796875 0.46875 0.66015625 0.47265625 0.65234375 0.47265625 0.64453125 0.4765625 0.638671875 0.4765625 0.630859375 0.484375 0.626953125 0.484375 0.623046875 0.490234375 0.619140625 0.50390625 0.59765625 0.515625 0.59375
0 0.90234375 0.59765625 0.91015625 0.59765625 0.912109375 0.6015625 0.927734375 0.603515625 0.93359375 0.615234375 0.927734375 0.630859375 0.927734375 0.654296875 0.921875 0.654296875 0.91796875 0.6484375 0.91796875 0.640625 0.912109375 0.62890625 0.90625 0.6015625 0.90234375 0.599609375
0 0.322265625 0.6015625 0.326171875 0.607421875 0.32421875 0.638671875 0.3125 0.65234375 0.28515625 0.65234375 0.283203125 0.646484375 0.283203125 0.62890625 0.2890625 0.615234375 0.2890625 0.609375 0.294921875 0.603515625 0.298828125 0.6015625 0.3203125 0.6015625