0 0.05859375 0.603515625 0.0859375 0.603515625 0.087890625 0.607421875 0.095703125 0.609375 0.091796875 0.615234375 0.087890625 0.615234375 0.083984375 0.62109375 0.080078125 0.62109375 0.072265625 0.630859375 0.0703125 0.634765625 0.072265625 0.63671875 0.072265625 0.6484375 0.0703125 0.650390625 0.0703125 0.658203125 0.072265625 0.66015625 0.0703125 0.662109375 0.0625 0.662109375 0.052734375 0.65234375 0.0390625 0.65234375 0.0390625 0.623046875 0.046875 0.619140625 0.046875 0.611328125 0.05859375 0.60546875
0 0.896484375 0.591796875 0.900390625 0.58984375 0.919921875 0.591796875 0.923828125 0.6015625 0.923828125 0.62109375 0.92578125 0.623046875 0.923828125 0.625 0.923828125 0.634765625 0.919921875 0.63671875 0.91796875 0.642578125 0.9140625 0.642578125 0.9140625 0.63671875 0.908203125 0.634765625 0.90625 0.62890625 0.90625 0.611328125 0.90234375 0.607421875 0.896484375 0.609375 0.892578125 0.607421875 0.892578125 0.59765625 0.896484375 0.59375
0 0.234375 0.62109375 0.234375 0.611328125 0.236328125 0.609375 0.25 0.607421875 0.2578125 0.611328125 0.26171875 0.6171875 0.26171875 0.62890625 0.259765625 0.630859375 0.259765625 0.642578125 0.26171875 0.646484375 0.259765625 0.6484375 0.255859375 0.646484375 0.25 0.6484375 0.248046875 0.6171875 0.244140625 0.61328125 0.240234375 0.61328125 0.23828125 0.615234375 0.23828125 0.62109375 0.236328125 0.62109375
0 0.001953125 0.603515625 0.013671875 0.603515625 0.015625 0.607421875 0.021484375 0.609375 0.0234375 0.619140625 0.029296875 0.625 0.029296875 0.6328125 0.033203125 0.63671875 0.033203125 0.646484375 0.03515625 0.6484375 0.029296875 0.66796875 0.025390625 0.671875 0.021484375 0.66796875 0.001953125 0.66796875 0 0.671875 0 0.607421875 0.001953125 0.60546875
0 0.98046875 0.603515625 0.984375 0.6015625 0.998046875 0.6015625 0.998046875 0.658203125 0.9765625 0.658203125 0.974609375 0.66015625 0.96875 0.658203125 0.966796875 0.65234375 0.96875 0.625 0.98046875 0.60546875
0 0.3515625 0.609375 0.357421875 0.609375 0.3671875 0.62109375 0.3671875 0.646484375 0.365234375 0.6484375 0.359375 0.6484375 0.3515625 0.634765625 0.3515625 0.611328125
0 0.9375 0.603515625 0.958984375 0.603515625 0.96484375 0.609375 0.96484375 0.615234375 0.966796875 0.6171875 0.966796875 0.640625 0.96484375 0.642578125 0.96484375 0.6484375 0.9296875 0.6484375 0.927734375 0.646484375 0.927734375 0.62890625 0.93359375 0.609375 0.9375 0.60546875
0 0.140625 0.611328125 0.146484375 0.611328125 0.1484375 0.615234375 0.158203125 0.6171875 0.16015625 0.62109375 0.169921875 0.625 0.1796875 0.634765625 0.189453125 0.63671875 0.193359375 0.640625 0.197265625 0.650390625 0.197265625 0.662109375 0.185546875 0.685546875 0.177734375 0.685546875 0.171875 0.6796875 0.1640625 0.681640625 0.162109375 0.685546875 0.15625 0.685546875 0.154296875 0.6796875 0.140625 0.677734375 0.140625 0.642578125 0.14453125 0.634765625 0.140625 0.61328125
0 0.3515625 0.609375 0.357421875 0.609375 0.3671875 0.62109375 0.3671875 0.646484375 0.361328125 0.6484375 0.35546875 0.640625 0.3515625 0.62890625 0.3515625 0.611328125
0 0.755859375 0.58984375 0.7578125 0.591796875 0.767578125 0.591796875 0.76953125 0.595703125 0.775390625 0.59765625 0.77734375 0.60546875 0.787109375 0.62109375 0.7890625 0.666015625 0.787109375 0.66796875 0.78515625 0.685546875 0.779296875 0.69140625 0.775390625 0.69140625 0.7734375 0.68359375 0.763671875 0.673828125 0.7421875 0.673828125 0.734375 0.681640625 0.734375 0.685546875 0.73046875 0.6875 0.71875 0.685546875 0.71875 0.673828125 0.712890625 0.66796875 0.6953125 0.66796875 0.693359375 0.669921875 0.693359375 0.677734375 0.6875 0.677734375 0.681640625 0.662109375 0.681640625 0.62890625 0.6875 0.62109375 0.6875 0.6171875 0.6953125 0.61328125 0.6953125 0.609375 0.701171875 0.60546875 0.708984375 0.591796875 0.72265625 0.587890625 0.7265625 0.58984375 0.75390625 0.58984375
0 0.310546875 0.6015625 0.310546875 0.60546875 0.3203125 0.6171875 0.3203125 0.634765625 0.31640625 0.642578125 0.310546875 0.638671875 0.30859375 0.623046875 0.302734375 0.61328125 0.296875 0.615234375 0.291015625 0.623046875 0.291015625 0.634765625 0.2890625 0.638671875 0.287109375 0.638671875 0.287109375 0.630859375 0.28515625 0.62890625 0.287109375 0.623046875 0.287109375 0.6171875 0.283203125 0.609375 0.28515625 0.603515625 0.291015625 0.6015625 0.30859375 0.6015625