0 0.71875 0.59765625 0.763671875 0.59765625 0.765625 0.6015625 0.78515625 0.603515625 0.794921875 0.62109375 0.794921875 0.626953125 0.798828125 0.630859375 0.802734375 0.642578125 0.802734375 0.658203125 0.806640625 0.6640625 0.806640625 0.685546875 0.8046875 0.69140625 0.794921875 0.697265625 0.794921875 0.701171875 0.787109375 0.712890625 0.78125 0.712890625 0.779296875 0.71484375 0.7578125 0.71484375 0.75390625 0.712890625 0.748046875 0.701171875 0.736328125 0.69921875 0.734375 0.693359375 0.734375 0.669921875 0.73046875 0.666015625 0.7265625 0.654296875 0.708984375 0.638671875 0.701171875 0.625 0.6953125 0.62109375 0.6953125 0.609375 0.703125 0.6015625 0.716796875 0.6015625 0.71875 0.599609375
0 0.265625 0.609375 0.271484375 0.611328125 0.275390625 0.62109375 0.275390625 0.626953125 0.271484375 0.630859375 0.271484375 0.638671875 0.26953125 0.634765625 0.2578125 0.6328125 0.251953125 0.626953125 0.24609375 0.615234375 0.248046875 0.611328125 0.263671875 0.609375
0 0.158203125 0.6171875 0.177734375 0.6171875 0.181640625 0.62109375 0.169921875 0.634765625 0.169921875 0.671875 0.171875 0.673828125 0.169921875 0.685546875 0.1640625 0.685546875 0.158203125 0.6796875 0.1484375 0.681640625 0.146484375 0.685546875 0.140625 0.685546875 0.130859375 0.671875 0.125 0.671875 0.125 0.654296875 0.130859375 0.63671875 0.142578125 0.625 0.15234375 0.623046875 0.158203125 0.619140625
0 0.486328125 0.591796875 0.498046875 0.591796875 0.498046875 0.59375 0.490234375 0.6015625 0.490234375 0.60546875 0.4765625 0.6171875 0.474609375 0.6328125 0.466796875 0.65625 0.466796875 0.66796875 0.4609375 0.66796875 0.455078125 0.673828125 0.447265625 0.673828125 0.4453125 0.671875 0.4453125 0.63671875 0.462890625 0.61328125 0.462890625 0.609375 0.46875 0.603515625 0.47265625 0.603515625 0.4765625 0.59765625 0.48046875 0.59765625 0.486328125 0.59375
0 0.001953125 0.603515625 0.013671875 0.603515625 0.015625 0.607421875 0.021484375 0.609375 0.0234375 0.619140625 0.029296875 0.625 0.029296875 0.62890625 0.033203125 0.634765625 0.033203125 0.658203125 0.029296875 0.6640625 0.029296875 0.66796875 0.025390625 0.671875 0.021484375 0.66796875 0.015625 0.66796875 0.013671875 0.666015625 0 0.666015625 0 0.607421875 0.001953125 0.60546875
0 0.974609375 0.6015625 0.974609375 0.638671875 0.9765625 0.640625 0.974609375 0.642578125 0.974609375 0.654296875 0.970703125 0.662109375 0.939453125 0.662109375 0.9375 0.640625 0.939453125 0.638671875 0.939453125 0.630859375 0.943359375 0.626953125 0.9453125 0.6171875 0.94921875 0.61328125 0.94921875 0.609375 0.953125 0.603515625 0.97265625 0.6015625
0 0.44140625 0.603515625 0.458984375 0.603515625 0.46484375 0.609375 0.458984375 0.619140625 0.451171875 0.625 0.443359375 0.6484375 0.443359375 0.662109375 0.435546875 0.662109375 0.43359375 0.66015625 0.43359375 0.63671875 0.431640625 0.634765625 0.4296875 0.615234375 0.435546875 0.607421875 0.44140625 0.60546875
0 0.1875 0.6171875 0.240234375 0.615234375 0.248046875 0.62109375 0.25 0.626953125 0.2578125 0.634765625 0.26953125 0.63671875 0.271484375 0.640625 0.271484375 0.6484375 0.267578125 0.650390625 0.25390625 0.671875 0.24609375 0.6796875 0.240234375 0.681640625 0.232421875 0.677734375 0.22265625 0.677734375 0.216796875 0.6796875 0.212890625 0.685546875 0.201171875 0.685546875 0.19921875 0.681640625 0.189453125 0.681640625 0.185546875 0.6875 0.1796875 0.6875 0.17578125 0.685546875 0.171875 0.671875 0.171875 0.634765625 0.1875 0.619140625
0 0.357421875 0.609375 0.365234375 0.6171875 0.369140625 0.62890625 0.359375 0.642578125 0.359375 0.646484375 0.35546875 0.6484375 0.330078125 0.646484375 0.330078125 0.630859375 0.33203125 0.62890625 0.33203125 0.623046875 0.3359375 0.619140625 0.3359375 0.611328125 0.337890625 0.609375 0.35546875 0.609375
0 0.056640625 0.603515625 0.0859375 0.603515625 0.087890625 0.607421875 0.091796875 0.607421875 0.09765625 0.611328125 0.107421875 0.62890625 0.107421875 0.6484375 0.103515625 0.654296875 0.103515625 0.658203125 0.09765625 0.662109375 0.07421875 0.66015625 0.068359375 0.666015625 0.064453125 0.666015625 0.05859375 0.654296875 0.046875 0.65234375 0.044921875 0.6484375 0.0390625 0.6484375 0.0390625 0.623046875 0.046875 0.615234375 0.046875 0.611328125 0.056640625 0.60546875
0 0.623046875 0.595703125 0.625 0.59765625 0.654296875 0.59765625 0.65625 0.6015625 0.685546875 0.603515625 0.6875 0.607421875 0.693359375 0.609375 0.69140625 0.611328125 0.693359375 0.623046875 0.70703125 0.63671875 0.708984375 0.642578125 0.724609375 0.654296875 0.724609375 0.658203125 0.728515625 0.6640625 0.732421875 0.67578125 0.732421875 0.69921875 0.73828125 0.716796875 0.73828125 0.771484375 0.736328125 0.77734375 0.72265625 0.787109375 0.71484375 0.81640625 0.70703125 0.82421875 0.685546875 0.82421875 0.6796875 0.818359375 0.677734375 0.80859375 0.666015625 0.796875 0.615234375 0.796875 0.609375 0.798828125 0.603515625 0.79296875 0.603515625 0.787109375 0.6015625 0.78515625 0.6015625 0.759765625 0.59765625 0.748046875 0.595703125 0.712890625 0.59375 0.7109375 0.59375 0.68359375 0.591796875 0.681640625 0.59375 0.66015625 0.591796875 0.658203125 0.591796875 0.6484375 0.5859375 0.634765625 0.5859375 0.62890625 0.578125 0.619140625 0.578125 0.615234375 0.57421875 0.61328125 0.572265625 0.603515625 0.58203125 0.6015625 0.583984375 0.59765625 0.6171875 0.59765625 0.62109375 0.595703125
0 0.41015625 0.603515625 0.4140625 0.603515625 0.416015625 0.607421875 0.419921875 0.607421875 0.423828125 0.611328125 0.427734375 0.62109375 0.427734375 0.626953125 0.431640625 0.63671875 0.431640625 0.66796875 0.4296875 0.671875 0.423828125 0.673828125 0.421875 0.66796875 0.416015625 0.662109375 0.408203125 0.662109375 0.400390625 0.673828125 0.388671875 0.673828125 0.3828125 0.662109375 0.375 0.662109375 0.369140625 0.66796875 0.3671875 0.673828125 0.361328125 0.673828125 0.359375 0.66796875 0.359375 0.64453125 0.36328125 0.63671875 0.369140625 0.6328125 0.369140625 0.62890625 0.373046875 0.626953125 0.37890625 0.611328125 0.3828125 0.607421875 0.408203125 0.607421875 0.41015625 0.60546875
0 0.890625 0.59765625 0.904296875 0.59765625 0.90625 0.6015625 0.912109375 0.6015625 0.912109375 0.61328125 0.908203125 0.6171875 0.904296875 0.62890625 0.896484375 0.63671875 0.896484375 0.658203125 0.89453125 0.658203125 0.890625 0.646484375 0.890625 0.63671875 0.88671875 0.6328125 0.8828125 0.6328125 0.8828125 0.6171875 0.880859375 0.615234375 0.8828125 0.6015625 0.888671875 0.6015625 0.890625 0.599609375