0 0 0.603515625 0.013671875 0.603515625 0.015625 0.607421875 0.021484375 0.609375 0.021484375 0.61328125 0.029296875 0.623046875 0.029296875 0.62890625 0.03515625 0.642578125 0.033203125 0.65234375 0.029296875 0.646484375 0.017578125 0.646484375 0.015625 0.642578125 0.01171875 0.642578125 0.005859375 0.638671875 0 0.638671875 0 0.60546875
0 0.998046875 0.6015625 0.998046875 0.640625 0.9921875 0.64453125 0.98828125 0.654296875 0.98828125 0.671875 0.990234375 0.673828125 0.990234375 0.6796875 0.99609375 0.6875 0.99609375 0.6953125 0.994140625 0.69921875 0.98828125 0.701171875 0.984375 0.6953125 0.984375 0.689453125 0.98046875 0.685546875 0.974609375 0.6875 0.97265625 0.67578125 0.96875 0.673828125 0.966796875 0.63671875 0.96875 0.634765625 0.96875 0.623046875 0.9765625 0.61328125 0.9765625 0.609375 0.98046875 0.603515625 0.982421875 0.6015625 0.99609375 0.6015625
0 0.25 0.603515625 0.26953125 0.603515625 0.275390625 0.611328125 0.275390625 0.623046875 0.27734375 0.625 0.27734375 0.634765625 0.275390625 0.63671875 0.27734375 0.6484375 0.2734375 0.662109375 0.23828125 0.662109375 0.236328125 0.66015625 0.236328125 0.642578125 0.23828125 0.640625 0.240234375 0.615234375 0.2421875 0.609375 0.25 0.60546875
0 0.3359375 0.611328125 0.33984375 0.609375 0.357421875 0.609375 0.361328125 0.615234375 0.365234375 0.615234375 0.37109375 0.62109375 0.365234375 0.6484375 0.349609375 0.6484375 0.34765625 0.646484375 0.341796875 0.646484375 0.337890625 0.638671875 0.3359375 0.61328125
0 0.671875 0.59765625 0.68359375 0.59765625 0.6953125 0.62109375 0.6953125 0.646484375 0.693359375 0.65234375 0.6875 0.65234375 0.685546875 0.6484375 0.6796875 0.646484375 0.671875 0.6484375 0.669921875 0.65234375 0.65625 0.65234375 0.654296875 0.6171875 0.658203125 0.61328125 0.658203125 0.609375 0.666015625 0.6015625 0.671875 0.599609375
0 0.060546875 0.603515625 0.087890625 0.603515625 0.08984375 0.607421875 0.099609375 0.611328125 0.099609375 0.615234375 0.10546875 0.625 0.10546875 0.646484375 0.099609375 0.65625 0.099609375 0.66015625 0.095703125 0.662109375 0.0703125 0.662109375 0.068359375 0.666015625 0.0625 0.666015625 0.0546875 0.654296875 0.048828125 0.65234375 0.04296875 0.654296875 0.0390625 0.65234375 0.04296875 0.6484375 0.04296875 0.62890625 0.046875 0.6171875 0.0546875 0.607421875 0.060546875 0.60546875
0 0.998046875 0.640625 0.998046875 0.71875 0.9921875 0.71875 0.9921875 0.71484375 0.986328125 0.705078125 0.986328125 0.6953125 0.984375 0.693359375 0.984375 0.673828125 0.98828125 0.66015625 0.98828125 0.6484375 0.9921875 0.646484375 0.9921875 0.642578125 0.99609375 0.642578125
0 0.4453125 0.59765625 0.4921875 0.59765625 0.494140625 0.6015625 0.498046875 0.6015625 0.498046875 0.60546875 0.50390625 0.611328125 0.505859375 0.623046875 0.51171875 0.634765625 0.51171875 0.66796875 0.505859375 0.6875 0.498046875 0.6875 0.498046875 0.68359375 0.4921875 0.677734375 0.46875 0.677734375 0.4609375 0.6875 0.455078125 0.6875 0.453125 0.69140625 0.443359375 0.677734375 0.439453125 0.6796875 0.423828125 0.6796875 0.419921875 0.685546875 0.4140625 0.685546875 0.408203125 0.673828125 0.408203125 0.650390625 0.41015625 0.64453125 0.4140625 0.638671875 0.41796875 0.625 0.421875 0.62109375 0.421875 0.615234375 0.427734375 0.603515625 0.431640625 0.6015625 0.443359375 0.6015625 0.4453125 0.599609375
0 0.732421875 0.62109375 0.736328125 0.625 0.732421875 0.65234375 0.73046875 0.658203125 0.72265625 0.6640625 0.716796875 0.673828125 0.716796875 0.6875 0.71484375 0.69140625 0.7109375 0.69140625 0.70703125 0.685546875 0.703125 0.685546875 0.69921875 0.673828125 0.701171875 0.671875 0.701171875 0.64453125 0.703125 0.642578125 0.703125 0.63671875 0.708984375 0.634765625 0.71484375 0.625 0.73046875 0.62109375
0 0 0.63671875 0.005859375 0.63671875 0.0078125 0.640625 0.017578125 0.64453125 0.021484375 0.642578125 0.02734375 0.64453125 0.029296875 0.6484375 0.03125 0.64453125 0.037109375 0.658203125 0.044921875 0.6640625 0.044921875 0.681640625 0.04296875 0.685546875 0.03125 0.685546875 0.01953125 0.69921875 0.01171875 0.69921875 0.009765625 0.6953125 0 0.6953125 0 0.638671875
0 0.966796875 0.607421875 0.966796875 0.638671875 0.962890625 0.65234375 0.93359375 0.65234375 0.9296875 0.6484375 0.9296875 0.611328125 0.939453125 0.6015625 0.95703125 0.6015625 0.962890625 0.603515625 0.96484375 0.607421875