0 0.0546875 0.603515625 0.087890625 0.603515625 0.08984375 0.607421875 0.09765625 0.611328125 0.09765625 0.615234375 0.09375 0.615234375 0.091796875 0.619140625 0.0703125 0.62109375 0.064453125 0.623046875 0.060546875 0.62890625 0.0546875 0.62890625 0.052734375 0.6328125 0.04296875 0.6328125 0.041015625 0.625 0.046875 0.619140625 0.046875 0.611328125 0.0546875 0.60546875
0 0.7109375 0.58984375 0.712890625 0.591796875 0.732421875 0.591796875 0.734375 0.595703125 0.74609375 0.59765625 0.74609375 0.6015625 0.751953125 0.609375 0.751953125 0.61328125 0.755859375 0.6171875 0.759765625 0.62890625 0.759765625 0.666015625 0.7578125 0.671875 0.75390625 0.677734375 0.75 0.677734375 0.744140625 0.68359375 0.744140625 0.6875 0.73828125 0.6953125 0.73046875 0.6953125 0.728515625 0.69921875 0.72265625 0.701171875 0.705078125 0.69921875 0.701171875 0.689453125 0.693359375 0.681640625 0.650390625 0.6796875 0.6484375 0.673828125 0.6484375 0.650390625 0.642578125 0.646484375 0.6328125 0.646484375 0.6328125 0.623046875 0.640625 0.611328125 0.6484375 0.60546875 0.650390625 0.59765625 0.654296875 0.59765625 0.658203125 0.591796875 0.6640625 0.58984375 0.708984375 0.58984375
0 0.375 0.603515625 0.3828125 0.603515625 0.39453125 0.630859375 0.39453125 0.6484375 0.388671875 0.666015625 0.3828125 0.66796875 0.3828125 0.6640625 0.37890625 0.66015625 0.375 0.66015625 0.375 0.62109375 0.373046875 0.619140625 0.373046875 0.607421875 0.375 0.60546875
0 0.3359375 0.59765625 0.3671875 0.59765625 0.37109375 0.603515625 0.37109375 0.61328125 0.373046875 0.615234375 0.373046875 0.662109375 0.37109375 0.6640625 0.37109375 0.671875 0.3671875 0.677734375 0.365234375 0.677734375 0.359375 0.66796875 0.353515625 0.66796875 0.34765625 0.677734375 0.3359375 0.677734375 0.3359375 0.673828125 0.33203125 0.66796875 0.326171875 0.66796875 0.32421875 0.671875 0.31640625 0.673828125 0.314453125 0.671875 0.314453125 0.642578125 0.31640625 0.640625 0.3203125 0.609375 0.32421875 0.603515625 0.3359375 0.599609375
0 0 0.62109375 0.01171875 0.623046875 0.015625 0.62890625 0.01953125 0.62890625 0.0234375 0.634765625 0.029296875 0.634765625 0.033203125 0.640625 0.044921875 0.640625 0.056640625 0.64453125 0.060546875 0.650390625 0.0625 0.66015625 0.06640625 0.6640625 0.064453125 0.681640625 0.060546875 0.6875 0.060546875 0.69140625 0.0546875 0.69140625 0.044921875 0.6953125 0.02734375 0.6953125 0.021484375 0.69140625 0.017578125 0.69140625 0.015625 0.6875 0 0.6875 0 0.623046875
0 0 0.603515625 0.013671875 0.603515625 0.015625 0.607421875 0.01953125 0.607421875 0.021484375 0.61328125 0.029296875 0.623046875 0.029296875 0.62890625 0.03125 0.630859375 0.03125 0.634765625 0.025390625 0.634765625 0.021484375 0.62890625 0.015625 0.62890625 0.01171875 0.623046875 0 0.62109375 0 0.60546875
0 0.986328125 0.583984375 0.998046875 0.583984375 0.998046875 0.712890625 0.935546875 0.712890625 0.9296875 0.71484375 0.927734375 0.720703125 0.919921875 0.7265625 0.896484375 0.7265625 0.888671875 0.712890625 0.876953125 0.712890625 0.875 0.7109375 0.875 0.701171875 0.873046875 0.69921875 0.873046875 0.68359375 0.875 0.681640625 0.875 0.662109375 0.876953125 0.65625 0.884765625 0.6484375 0.888671875 0.6484375 0.892578125 0.642578125 0.90234375 0.640625 0.904296875 0.63671875 0.912109375 0.63671875 0.951171875 0.59765625 0.958984375 0.595703125 0.9609375 0.591796875 0.974609375 0.587890625 0.984375 0.587890625 0.986328125 0.5859375
0 0.197265625 0.6171875 0.21875 0.615234375 0.224609375 0.6171875 0.2265625 0.62109375 0.236328125 0.62109375 0.244140625 0.625 0.248046875 0.62890625 0.25 0.638671875 0.2578125 0.64453125 0.259765625 0.658203125 0.26171875 0.66015625 0.255859375 0.673828125 0.23046875 0.671875 0.224609375 0.673828125 0.22265625 0.677734375 0.2109375 0.6796875 0.205078125 0.673828125 0.1953125 0.671875 0.189453125 0.677734375 0.181640625 0.6796875 0.171875 0.66015625 0.173828125 0.630859375 0.185546875 0.62890625 0.1875 0.625 0.197265625 0.619140625
0 0.08984375 0.6171875 0.11328125 0.6171875 0.115234375 0.62109375 0.123046875 0.62109375 0.130859375 0.625 0.1484375 0.642578125 0.16015625 0.64453125 0.162109375 0.65234375 0.166015625 0.65625 0.166015625 0.662109375 0.162109375 0.669921875 0.162109375 0.6796875 0.158203125 0.685546875 0.146484375 0.685546875 0.14453125 0.681640625 0.1171875 0.681640625 0.115234375 0.685546875 0.1015625 0.685546875 0.09765625 0.681640625 0.095703125 0.685546875 0.08984375 0.685546875 0.083984375 0.69140625 0.07421875 0.693359375 0.0703125 0.69140625 0.0703125 0.6875 0.06640625 0.681640625 0.068359375 0.6640625 0.0625 0.658203125 0.0625 0.650390625 0.052734375 0.640625 0.046875 0.640625 0.046875 0.63671875 0.052734375 0.634765625 0.0546875 0.630859375 0.0625 0.62890625 0.064453125 0.625 0.080078125 0.623046875 0.08984375 0.619140625
0 0.306640625 0.6015625 0.31640625 0.609375 0.314453125 0.638671875 0.310546875 0.642578125 0.3046875 0.642578125 0.302734375 0.625 0.296875 0.619140625 0.294921875 0.611328125 0.29296875 0.609375 0.2890625 0.61328125 0.2890625 0.603515625 0.3046875 0.6015625
0 0.9296875 0.603515625 0.935546875 0.6015625 0.94140625 0.6015625 0.943359375 0.603515625 0.919921875 0.62890625 0.916015625 0.625 0.923828125 0.61328125 0.923828125 0.609375 0.9296875 0.60546875
0 0.427734375 0.59765625 0.439453125 0.59765625 0.44140625 0.595703125 0.45703125 0.59765625 0.462890625 0.611328125 0.46484375 0.638671875 0.466796875 0.640625 0.466796875 0.658203125 0.46484375 0.66015625 0.46484375 0.66796875 0.4609375 0.673828125 0.451171875 0.666015625 0.4375 0.666015625 0.43359375 0.673828125 0.42578125 0.673828125 0.421875 0.66796875 0.408203125 0.66796875 0.404296875 0.673828125 0.3984375 0.671875 0.3984375 0.63671875 0.400390625 0.630859375 0.404296875 0.626953125 0.40625 0.6171875 0.41015625 0.615234375 0.41015625 0.611328125 0.41796875 0.603515625 0.427734375 0.599609375